Right_ThumbProximal -0.61975276 0.00511681 1.07461858
Right_ThumbIntermediate -0.61839020 -0.01597692 1.05968630
Right_ThumbDistal -0.61824018 -0.03785281 1.03384614
Right_ThumbDistalEnd -0.61948591 -0.06599140 1.01275074
Right_IndexProximal -0.67063171 -0.04001318 1.03183675
Right_IndexIntermediate -0.69666696 -0.05380315 1.00553334
Right_IndexDistal -0.71341163 -0.06226929 0.98854941
Right_IndexDistalEnd -0.72264874 -0.06610499 0.98180759
Right_MiddleProximal -0.68359035 -0.02086352 1.03442907
Right_MiddleIntermediate -0.71365118 -0.03373543 1.00395131
Right_MiddleDistal -0.73310858 -0.04178943 0.98446864
Right_MiddleDistalEnd -0.74315596 -0.04563565 0.97770488
Right_RingProximal -0.68544793 0.00071028 1.03403914
Right_RingIntermediate -0.71444738 -0.00559534 1.00632107
Right_RingDistal -0.73402637 -0.00970242 0.98720217
Right_RingDistalEnd -0.74310315 -0.01231037 0.97911578
Right_PinkyProximal -0.68192637 0.02317932 1.03351879
Right_PinkyIntermediate -0.70409572 0.01849189 1.01093698
Right_PinkyDistal -0.71926653 0.01720654 0.99625510
Right_PinkyDistalEnd -0.72851288 0.01527405 0.98822039
Left_ThumbProximal 0.56501091 -0.06572410 1.07544625
Left_ThumbIntermediate 0.56602645 -0.08888458 1.06506979
Left_ThumbDistal 0.56698823 -0.11475553 1.04424059
Left_ThumbDistalEnd 0.57111526 -0.14536348 1.02878535
Left_IndexProximal 0.61709499 -0.10826621 1.03427148
Left_IndexIntermediate 0.64135087 -0.12211827 1.00739753
Left_IndexDistal 0.65686291 -0.13065961 0.98998058
Left_IndexDistalEnd 0.66558313 -0.13405766 0.98273200
Left_MiddleProximal 0.62597281 -0.08743028 1.03136086
Left_MiddleIntermediate 0.65336096 -0.10056107 0.99970460
Left_MiddleDistal 0.67106402 -0.10874888 0.97939974
Left_MiddleDistalEnd 0.68055582 -0.11202309 0.97200173
Left_RingProximal 0.62341750 -0.06679010 1.02697742
Left_RingIntermediate 0.64883763 -0.07334157 0.99699080
Left_RingDistal 0.66591954 -0.07770362 0.97633362
Left_RingDistalEnd 0.67407548 -0.08023638 0.96761847
Left_PinkyProximal 0.61554199 -0.04624662 1.02318072
Left_PinkyIntermediate 0.63477451 -0.05140708 0.99890763
Left_PinkyDistal 0.64765102 -0.05296670 0.98270094
Left_PinkyDistalEnd 0.65584111 -0.05482150 0.97389150